.Random.seed <-
c(403L, 624L, 2053255366L, 769727631L, 1212555652L, -1855944011L, 
-602979342L, 1117696715L, 452230032L, 2073903697L, 1000159198L, 
-258342201L, -2143333284L, 1046165933L, -894961526L, -928315261L, 
1759999976L, 978963657L, 370684406L, 501186559L, -981962188L, 
-1317791835L, 382685218L, 456582459L, 2043973440L, -373492159L, 
-1156350194L, 1260287031L, 662756108L, 140182685L, 1421585082L, 
212674803L, 447816088L, -2145083719L, 404455206L, 849330031L, 
1712582372L, -1342447467L, -1750112174L, -938167381L, -111243536L, 
216704561L, -393702850L, -1224195673L, 1050217916L, -201421939L, 
-612833046L, -862952093L, -1976944824L, -1774423L, 1996429398L, 
1457052383L, 1772328852L, 2118575493L, -1645048702L, 1491017243L, 
-1655866720L, 1625641505L, -1896910482L, 267283223L, 1215491180L, 
-965423491L, -1467829478L, 1188806099L, -1536313096L, -147212647L, 
-1642726010L, -1291726257L, 1114795076L, 1902388853L, 161201330L, 
1459430539L, -1474538928L, 1630272017L, 100342942L, -1490554745L, 
-759597284L, -1599287955L, 1044121930L, -338283965L, -313088344L, 
461503625L, -1653395786L, 491890111L, 1166765300L, 841130853L, 
-1955727134L, 899008251L, 1258690048L, 2029886977L, 1646171086L, 
-1278488073L, 634891724L, -279607203L, -2016941190L, -846806349L, 
796917848L, -1982022023L, 1508486118L, -1983949521L, 1522112932L, 
-1391371179L, -722714350L, -1047526037L, 1443218864L, -212255247L, 
-1534273794L, -1028583577L, -185036676L, 1524498253L, 151607722L, 
263483171L, 742704648L, -1222050711L, -1123257066L, 2046943391L, 
-1400376748L, 41898309L, -933653182L, -1852645413L, -405380768L, 
-352462367L, -348592594L, 644786391L, 235347756L, -1217056195L, 
245584858L, 1474705299L, 1270871992L, 1610987097L, -449934778L, 
1838172175L, 1480685316L, 1987805749L, -1464273550L, 1980061259L, 
502458640L, 980054481L, -1596604066L, 1734057543L, 162421212L, 
-183885523L, -570893814L, 1029905411L, 1288476008L, 2027023433L, 
1432546166L, 1369541503L, 502343604L, 1624567589L, 1238196642L, 
-384931653L, -996778816L, 1809712577L, -1395234674L, -1282478153L, 
-78036852L, 256625693L, -450040774L, -1187898253L, -184180968L, 
497851961L, 628922534L, -248730897L, 274859108L, 488282133L, 
1075435986L, 2123700011L, 112966768L, -1453877839L, -1553081410L, 
1323277607L, 556979004L, -39242995L, -350057878L, -1776666397L, 
-1060760376L, -2106274775L, 839815638L, 1692968543L, 1159662868L, 
-90473211L, 283205122L, 1413505435L, 505284640L, -1399447135L, 
-175170834L, 48539287L, -1809444372L, -1554950659L, 1065137306L, 
-526225069L, -1826032008L, -490113511L, 1282135814L, -2092139057L, 
-2072821308L, 744922613L, 1646718514L, -2122889205L, 54018000L, 
-1357338223L, 552412702L, -1896543225L, -136446820L, -1087163155L, 
-358716726L, 1460782531L, 1711883304L, 1913232393L, 1789356086L, 
1351561535L, -110517644L, -1186268443L, 716016226L, -2023699845L, 
491086720L, 1511927169L, -537199282L, 405261687L, 717591372L, 
-604123171L, -576017158L, -647023053L, -100532776L, 1263812089L, 
-678148762L, 1856487599L, -506646748L, 1809290197L, -503827822L, 
-1058805525L, -230657232L, -1230656143L, 1508614270L, -1722553625L, 
-167258628L, 1075848909L, 579107626L, -645807453L, -2039602296L, 
1636326377L, 1657106070L, -1924322273L, 1042868180L, -1034196795L, 
-1337334078L, -760765605L, -689672480L, 493758817L, 1387401134L, 
1393583191L, -1114651476L, -574015043L, 198104410L, -892310765L, 
1768469816L, 1866790361L, -1869749306L, -638159985L, -2117612412L, 
-555386443L, -1633310990L, 454228427L, -1632872816L, 653697361L, 
1526811358L, 1001667015L, 805855068L, 1122502829L, 1693236106L, 
-1834864765L, -674450712L, -420934711L, -905927434L, 1876596479L, 
1119149364L, 2000996005L, -959548638L, 575466555L, 1272130112L, 
-1686235839L, 5001742L, 1867934519L, -153311732L, -1993632867L, 
-1576981062L, -134344717L, -1925899112L, -493642311L, -1930382810L, 
-940534161L, -373614108L, -989311083L, -2092479662L, 171735723L, 
-1085019664L, 1661175089L, -54123202L, -1613891417L, 1714919612L, 
1174592141L, 267332586L, 329976931L, 2080174664L, 337882025L, 
-1678701738L, 686780895L, 1650819732L, 1971262597L, -1621938302L, 
-24599269L, 1760138656L, 1967517985L, 1734460526L, -2068717033L, 
755251052L, 2057100669L, 72988186L, -1070586669L, 2101294072L, 
-1254607463L, 777302150L, 390998351L, -889252028L, -1715989131L, 
-2030755918L, -1533514869L, -150000304L, -909879023L, -472764514L, 
1264134023L, 82674204L, -2081907603L, 228838474L, 164911427L, 
14082472L, 1999649673L, 539926966L, -985416513L, 613603316L, 
-1769844123L, 1995447266L, -1953313285L, 117420288L, 1203617025L, 
-762681650L, 115001591L, 1650358476L, 177543005L, 586182266L, 
-1633769037L, -1117848744L, 1932180857L, 575790822L, -2100876241L, 
49005732L, 342674261L, -1396235246L, -1671508885L, -726261584L, 
-1238295311L, -2135070210L, 537773671L, 612506492L, -216969651L, 
-735929174L, 1045829155L, 1613922568L, 436648809L, -363763690L, 
764376991L, 1016388948L, -272203707L, -1765984190L, -1985780005L, 
-353534880L, -1411548959L, 1482570030L, -980869161L, 1162045996L, 
1301037373L, 2044548826L, 713137811L, 1030517432L, 610481497L, 
1652571462L, -1592549617L, -1697046012L, 681472309L, 64313458L, 
1070046539L, -752827376L, 2135019729L, 270521438L, 1537463623L, 
-1991416612L, 1173680173L, 1703124234L, -1771551997L, -1585048L, 
-2103497911L, -638493066L, 646619775L, -1983671628L, -758931931L, 
1406305442L, 1425174459L, -980748352L, 916268225L, -613074034L, 
-327883081L, 806030220L, 335174429L, 288911162L, 386990963L, 
1497340440L, 1289329977L, 880266150L, -454327825L, -937480348L, 
96798485L, -1489519406L, 2030755371L, 1495734128L, 2012116145L, 
-1701744962L, -1747758041L, -1549312452L, -351567347L, 1340001642L, 
323149795L, -1311846456L, -1292793047L, 447120598L, 1357725023L, 
393672724L, -856577019L, 256377090L, -440932197L, 867181344L, 
2029306017L, 174550510L, 55975319L, 688741612L, -363371267L, 
2098837402L, 864344147L, -659525256L, -326765287L, 701532678L, 
-1660496689L, -334107452L, 391679221L, -1106882254L, -832532725L, 
-1180624176L, -282130287L, -190170850L, -900447481L, -1880619108L, 
214762477L, -1387516470L, -769790781L, -1279295704L, 687201033L, 
604560182L, 695158847L, 487001460L, -1480021531L, 909487458L, 
-802434693L, -1103823232L, -2339711L, 1607258190L, -303774601L, 
-492675508L, 421224157L, -577163270L, 1796545843L, -275318568L, 
2137013497L, 539129958L, -199387217L, -1810539996L, 80806613L, 
2069435794L, 1644212203L, 862375472L, 805014641L, -1090374786L, 
1155441127L, 375873788L, -1850640947L, 602127914L, 204564899L, 
-1349394808L, -559670551L, -1179623018L, 147374879L, -36973868L, 
1757452229L, 1102285250L, 1149643355L, -638481952L, 1414252641L, 
574448302L, -338109609L, -1155395668L, -1531033411L, -556869542L, 
-990260717L, 1036726328L, -44010279L, 1090885318L, -253244785L, 
2037741444L, -1314494283L, 508037618L, -232570677L, -246402672L, 
-2125725615L, 1714511326L, -1255509817L, -1417844132L, 472962989L, 
-440566134L, 380982915L, -1155666456L, 1240746697L, -348841994L, 
598846975L, 1226655796L, 1364293029L, -1227254238L, 251589435L, 
-406993600L, -80006079L, 1683039502L, -1729469897L, -1125879540L, 
1303913117L, -1194151750L, 1684731635L, -819652712L, -629236551L, 
34727206L, 1981640047L, -2121382684L, 1028701845L, -236245422L, 
-654294613L, 171263216L, 639132721L, 584038462L, 619687847L, 
1870799804L, 180562317L, -1326354710L, 1658958691L, 1480305992L, 
1558080169L, 338624086L, -1964898081L, -1168937580L, -554482811L, 
650105474L, -1748095973L, 879866016L, 1973588001L, 77600622L, 
-321824489L, -1639873940L, -1870599043L, 800897306L, -2002744365L, 
461156088L, 112374937L, 618619782L, 1115062351L, -1112030652L, 
55051381L, 1297777330L, 214938251L, -2131883952L, 1566095377L, 
-109755746L, -102343033L, 785222940L, 2011196269L, -812150966L, 
2112782403L, 1958943912L, -2057667959L, -600435530L, 722588607L, 
